18.0      130.0   
15.0      165.0   
18.0      150.0   
16.0      150.0   
17.0      140.0   
15.0      198.0   
14.0      220.0   
14.0      215.0   
14.0      225.0   
15.0      190.0   
15.0      170.0   
14.0      160.0   
15.0      150.0   
14.0      225.0   
24.0      95.00   
22.0      95.00   
18.0      97.00   
21.0      85.00   
27.0      88.00   
26.0      46.00   
25.0      87.00   
24.0      90.00   
25.0      95.00   
26.0      113.0   
21.0      90.00   
10.0      215.0   
10.0      200.0   
11.0      210.0   
9.0       193.0    
27.0      88.00   
28.0      90.00   
25.0      95.00   
19.0      100.0   
16.0      105.0   
17.0      100.0   
19.0      88.00   
18.0      100.0   
14.0      165.0   
14.0      175.0   
14.0      153.0   
14.0      150.0   
12.0      180.0   
13.0      170.0   
13.0      175.0   
18.0      110.0   
22.0      72.00   
19.0      100.0   
18.0      88.00   
23.0      86.00   
28.0      90.00   
30.0      70.00   
30.0      76.00   
31.0      65.00   
35.0      69.00   
27.0      60.00   
26.0      70.00   
24.0      95.00   
25.0      80.00   
23.0      54.00   
20.0      90.00   
21.0      86.00   
13.0      165.0   
14.0      175.0   
15.0      150.0   
14.0      153.0   
17.0      150.0   
11.0      208.0   
13.0      155.0   
12.0      160.0   
13.0      190.0   
19.0      97.00   
15.0      150.0   
13.0      130.0   
13.0      140.0   
14.0      150.0   
18.0      112.0   
22.0      76.00   
21.0      87.00   
26.0      69.00   
22.0      86.00   
28.0      92.00   
23.0      97.00   
28.0      80.00   
27.0      88.00   
13.0      175.0   
14.0      150.0   
13.0      145.0   
14.0      137.0   
15.0      150.0   
12.0      198.0   
13.0      150.0   
13.0      158.0   
14.0      150.0   
13.0      215.0   
12.0      225.0   
13.0      175.0   
18.0      105.0   
16.0      100.0   
18.0      100.0   
18.0      88.00   
23.0      95.00   
26.0      46.00   
11.0      150.0   
12.0      167.0   
13.0      170.0   
12.0      180.0   
18.0      100.0   
20.0      88.00   
21.0      72.00   
22.0      94.00   
18.0      90.00   
19.0      85.00   
21.0      107.0   
26.0      90.00   
15.0      145.0   
16.0      230.0   
29.0      49.00   
24.0      75.00   
20.0      91.00   
19.0      112.0   
15.0      150.0   
24.0      110.0   
20.0      122.0   
11.0      180.0   
20.0      95.00   
19.0      100.0   
15.0      100.0   
31.0      67.00   
26.0      80.00   
32.0      65.00   
25.0      75.00   
16.0      100.0   
16.0      110.0   
18.0      105.0   
16.0      140.0   
13.0      150.0   
14.0      150.0   
14.0      140.0   
14.0      150.0   
29.0      83.00   
26.0      67.00   
26.0      78.00   
31.0      52.00   
32.0      61.00   
28.0      75.00   
24.0      75.00   
26.0      75.00   
24.0      97.00   
26.0      93.00   
31.0      67.00   
19.0      95.00   
18.0      105.0   
15.0      72.00   
15.0      72.00   
16.0      170.0   
15.0      145.0   
16.0      150.0   
14.0      148.0   
17.0      110.0   
16.0      105.0   
15.0      110.0   
18.0      95.00   
21.0      110.0   
20.0      110.0   
13.0      129.0   
29.0      75.00   
23.0      83.00   
20.0      100.0   
23.0      78.00   
24.0      96.00   
25.0      71.00   
24.0      97.00   
18.0      97.00   
29.0      70.00   
19.0      90.00   
23.0      95.00   
23.0      88.00   
22.0      98.00   
25.0      115.0   
33.0      53.00   
28.0      86.00   
25.0      81.00   
25.0      92.00   
26.0      79.00   
27.0      83.00   
17.5      140.0   
16.0      150.0   
15.5      120.0   
14.5      152.0   
22.0      100.0   
22.0      105.0   
24.0      81.00   
22.5      90.00   
29.0      52.00   
24.5      60.00   
29.0      70.00   
33.0      53.00   
20.0      100.0   
18.0      78.00   
18.5      110.0   
17.5      95.00   
29.5      71.00   
32.0      70.00   
28.0      75.00   
26.5      72.00   
20.0      102.0   
13.0      150.0   
19.0      88.00   
19.0      108.0   
16.5      120.0   
16.5      180.0   
13.0      145.0   
13.0      130.0   
13.0      150.0   
31.5      68.00   
30.0      80.00   
36.0      58.00   
25.5      96.00   
33.5      70.00   
17.5      145.0   
17.0      110.0   
15.5      145.0   
15.0      130.0   
17.5      110.0   
20.5      105.0   
19.0      100.0   
18.5      98.00   
16.0      180.0   
15.5      170.0   
15.5      190.0   
16.0      149.0   
29.0      78.00   
24.5      88.00   
26.0      75.00   
25.5      89.00   
30.5      63.00   
33.5      83.00   
30.0      67.00   
30.5      78.00   
22.0      97.00   
21.5      110.0   
21.5      110.0   
43.1      48.00   
36.1      66.00   
32.8      52.00   
39.4      70.00   
36.1      60.00   
19.9      110.0   
19.4      140.0   
20.2      139.0   
19.2      105.0   
20.5      95.00   
20.2      85.00   
25.1      88.00   
20.5      100.0   
19.4      90.00   
20.6      105.0   
20.8      85.00   
18.6      110.0   
18.1      120.0   
19.2      145.0   
17.7      165.0   
18.1      139.0   
17.5      140.0   
30.0      68.00   
27.5      95.00   
27.2      97.00   
30.9      75.00   
21.1      95.00   
23.2      105.0   
23.8      85.00   
23.9      97.00   
20.3      103.0   
17.0      125.0   
21.6      115.0   
16.2      133.0   
31.5      71.00   
29.5      68.00   
21.5      115.0   
19.8      85.00   
22.3      88.00   
20.2      90.00   
20.6      110.0   
17.0      130.0   
17.6      129.0   
16.5      138.0   
18.2      135.0   
16.9      155.0   
15.5      142.0   
19.2      125.0   
18.5      150.0   
31.9      71.00   
34.1      65.00   
35.7      80.00   
27.4      80.00   
25.4      77.00   
23.0      125.0   
27.2      71.00   
23.9      90.00   
34.2      70.00   
34.5      70.00   
31.8      65.00   
37.3      69.00   
28.4      90.00   
28.8      115.0   
26.8      115.0   
33.5      90.00   
41.5      76.00   
38.1      60.00   
32.1      70.00   
37.2      65.00   
28.0      90.00   
26.4      88.00   
24.3      90.00   
19.1      90.00   
34.3      78.00   
29.8      90.00   
31.3      75.00   
37.0      92.00   
32.2      75.00   
46.6      65.00   
27.9      105.0   
40.8      65.00   
44.3      48.00   
43.4      48.00   
36.4      67.00   
30.0      67.00   
44.6      67.00   
33.8      67.00   
29.8      62.00   
32.7      132.0   
23.7      100.0   
35.0      88.00   
32.4      72.00   
27.2      84.00   
26.6      84.00   
25.8      92.00   
23.5      110.0   
30.0      84.00   
39.1      58.00   
39.0      64.00   
35.1      60.00   
32.3      67.00   
37.0      65.00   
37.7      62.00   
34.1      68.00   
34.7      63.00   
34.4      65.00   
29.9      65.00   
33.0      74.00   
33.7      75.00   
32.4      75.00   
32.9      100.0   
31.6      74.00   
28.1      80.00   
30.7      76.00   
25.4      116.0   
24.2      120.0   
22.4      110.0   
26.6      105.0   
20.2      88.00   
17.6      85.00   
28.0      88.00   
27.0      88.00   
34.0      88.00   
31.0      85.00   
29.0      84.00   
27.0      90.00   
24.0      92.00   
36.0      74.00   
37.0      68.00   
31.0      68.00   
38.0      63.00   
36.0      70.00   
36.0      88.00   
36.0      75.00   
34.0      70.00   
38.0      67.00   
32.0      67.00   
38.0      67.00   
25.0      110.0   
38.0      85.00   
26.0      92.00   
22.0      112.0   
32.0      96.00   
36.0      84.00   
27.0      90.00   
27.0      86.00   
44.0      52.00   
32.0      84.00   
28.0      79.00   
31.0      82.00   

